Group	Supergroup	D1156_ampliconV4	D1156_ampliconV9	D1158_ampliconV4	D1158_ampliconV9	D1160_ampliconV4	D1160_ampliconV9	D1168_ampliconV4	D1168_ampliconV9	D1170_ampliconV4	D1170_ampliconV9	D1172_ampliconV4	D1172_ampliconV9	D1180_ampliconV4	D1180_ampliconV9	D1660_ampliconV4	D1660_ampliconV9	D1662_ampliconV4	D1662_ampliconV9	D1668_ampliconV4	D1668_ampliconV9	D1672_ampliconV4	D1672_ampliconV9	D1684_ampliconV4	D1684_ampliconV9	D2219_ampliconV4	D2219_ampliconV9	D2221_ampliconV4	D2221_ampliconV9	D2225_ampliconV4	D2225_ampliconV9	D2227_ampliconV4	D2227_ampliconV9	D2229_ampliconV4	D2229_ampliconV9	D864_ampliconV4	D864_ampliconV9	D866_ampliconV4	D866_ampliconV9	D868_ampliconV4	D868_ampliconV9	D870_ampliconV4	D870_ampliconV9	D872_ampliconV4	D872_ampliconV9	D874_ampliconV4	D874_ampliconV9	MP0878_mTags	MP0880_mTags	MP0882_mTags	MP0884_mTags	MP0886_mTags	MP0888_mTags	MP1154_mTags	MP1162_mTags	MP1164_mTags	MP1166_mTags	MP1174_mTags	MP1176_mTags	MP1178_mTags	MP1672_mTags	MP1674_mTags	MP1676_mTags	MP1682_mTags	MP1684_mTags	MP2233bis_mTags	MP2235_mTags	MP2239_mTags	MP2241_mTags	MP2243_mTags
Acantharia	Rhizaria	930	555	1353	769	2442	500	7053	1560	358	67	1825	207	24853	3377	636	332	1892	278	3953	650	441	63	1479	259	4419	101	3191	155	26518	5713	766	142	782	212	199	104	131	117	1722	446	2743	916	3753	2082	407	134	10	8	23	166	109	6	7	40	35	76	23	2	186	6	16	21	50	24	12	18	258	19	7
Ancyromonadida	Eukaryota	241	384	264	286	0	38	38	36	156	56	0	0	216	66	0	0	0	0	0	0	0	0	63	32	0	0	0	0	0	0	0	0	0	0	14	26	0	9	0	9	0	0	0	0	0	0	2	0	5	1	2	0	8	5	8	0	0	0	3	0	13	1	0	4	0	1	0	0	0
Apicomplexa	Alveolata	0	25	0	0	0	0	0	5	0	0	13	3	0	0	0	0	0	0	0	4	0	9	0	3	0	5	0	0	0	17	0	18	0	17	0	285	0	177	0	56	0	5	0	0	0	4	0	0	0	0	0	0	0	0	0	0	0	0	0	0	0	0	0	0	0	0	0	0	0
Apusomonadida	Obazoa	0	0	0	0	0	0	0	0	0	0	0	0	14	0	0	0	0	0	0	0	17	13	0	0	0	0	0	0	0	0	0	0	0	0	0	0	0	6	0	0	0	0	0	0	0	0	0	0	0	0	0	0	0	0	0	0	0	0	0	0	0	3	0	0	0	0	0	0	0
Ascomycota	Obazoa	11	992	126	1798	8	62	0	41	48	126	0	0	139	132	12	913	58	228	67	50	16	186	0	69	0	2490	0	778	0	109	0	23	0	76	0	716	0	95	6	306	0	23	0	71	0	27	59	57	15	10	8	0	60	13	21	4	0	0	5	0	69	255	3	0	49	1	0	3	0
BasalFungi	Obazoa	0	0	0	0	0	0	0	0	0	13	0	44	0	0	0	0	0	0	0	0	0	14	0	8	0	0	0	0	0	0	0	24	0	61	0	0	0	0	0	0	0	0	0	0	0	126	1	0	0	0	0	1	0	0	0	0	0	0	0	0	0	0	0	0	0	0	0	0	0
Basidiomycota	Obazoa	103	650	44	529	0	258	7	36	0	57	0	13	41	72	18	20	8	12	0	9	0	2	33	96	791	439	195	30	0	0	0	12	0	26	0	0	0	19	31	27	0	3	0	5	0	4	163	61	22	47	19	0	33	5	11	8	0	0	4	0	16	41	3	3	0	0	0	0	0
Bicosoecida	Stramenopiles	16735	6165	11712	2514	3694	884	3370	223	1052	98	1424	86	1087	46	74	5	1549	202	632	107	196	19	22	0	76	5	2746	38	0	0	0	8	17	11	708	318	1093	101	802	157	74	12	156	59	47	30	25	1	3	1	0	0	455	128	16	43	4	3	8	0	17	3	0	0	1	0	0	0	2
Bolidomonas	Stramenopiles	0	0	47	0	0	0	0	0	157	23	0	5	28	0	0	0	0	0	59	0	0	20	0	0	0	0	0	0	14	0	0	0	0	8	12	0	0	0	0	0	6	0	0	0	84	0	0	0	1	0	0	0	0	0	0	0	0	0	0	1	0	0	0	0	0	0	0	0	0
Centrohelida	Haptista	0	0	16	6	0	0	66	0	767	80	58	0	13	3	0	0	0	0	0	0	140	10	46	7	18	0	0	0	0	6	0	0	201	75	50	0	0	0	0	6	0	0	0	18	56	8	0	0	0	0	1	0	1	0	0	0	0	0	0	1	0	0	0	3	0	0	0	1	2
Cercozoa	Rhizaria	132	20	81	22	36	0	47	2	0	15	0	9	84	0	18	0	16	0	21	0	0	2	0	12	154	0	9	0	11	0	0	0	0	0	21	47	17	54	116	97	22	21	19	39	0	18	104	10	2	6	25	0	24	9	7	3	0	0	2	0	1	2	4	1	9	3	2	2	0
Chlorarachniophyta	Rhizaria	0	0	0	0	0	0	0	0	69	28	36	0	19	2	0	0	0	0	0	0	0	12	0	4	0	0	0	0	0	0	0	0	33	37	0	0	0	0	0	0	0	0	0	2	12	24	0	0	0	0	0	1	0	0	0	0	1	0	0	0	0	0	1	0	0	0	0	3	4
Chlorodendrophyceae	Archaeplastida	0	0	0	0	0	0	0	0	0	0	0	0	0	0	0	0	0	0	0	0	0	0	0	0	0	0	0	0	0	0	0	0	0	0	0	0	0	0	0	0	0	0	0	0	0	0	0	0	0	0	0	0	0	0	0	0	0	0	0	0	0	0	0	0	0	0	0	0	0
Chlorophyceae	Archaeplastida	0	0	0	0	0	0	0	0	0	0	0	0	0	0	0	0	0	0	0	0	0	0	0	0	0	0	0	0	0	0	0	0	0	0	0	0	0	0	0	0	0	0	0	0	0	0	0	0	0	0	0	0	0	0	0	0	0	0	0	0	0	0	0	0	0	0	0	0	0
Chloropicophyceae	Archaeplastida	73	41	57	18	0	0	47	0	782	201	4089	1020	0	0	71	30	139	20	14	15	11183	8518	12394	5073	2880	355	787	0	32	0	4791	1500	826	313	109	98	0	8	23	0	44	11	112	67	4849	2378	0	0	0	2	0	1	1	0	0	0	11	0	0	38	0	2	1	46	5	0	1	19	0
Choanomonada	Obazoa	0	156	0	16	101	0	0	0	422	175	77	41	37	11	3	0	0	8	0	0	0	19	69	37	44	0	0	0	0	3	0	0	44	100	21	0	0	0	0	0	0	0	13	6	127	132	4	0	0	2	1	4	0	0	2	0	1	5	1	2	0	0	1	3	0	0	0	1	3
Chrysomerophyceae	Stramenopiles	0	0	0	0	0	0	0	0	0	0	0	0	0	0	0	0	0	0	0	0	0	0	0	0	0	0	0	0	0	0	0	0	0	0	0	0	0	0	0	0	0	0	0	0	0	8	0	0	0	0	0	0	0	0	0	0	0	0	0	0	0	0	0	0	0	0	0	0	0
Chrysophyceae	Stramenopiles	12505	22200	7419	6021	5053	4175	3532	1062	3162	707	458	265	4079	665	541	484	2714	1158	110	66	34	56	15	29	1044	120	1020	0	26	56	67	19	284	188	64773	25673	21807	7468	31757	9746	1581	650	4880	2776	1375	1082	3537	2441	1492	51	291	20	1220	420	133	107	12	19	19	3	31	33	1	1	52	42	3	3	4
Ciliophora	Alveolata	60	171	60	245	0	38	55	70	493	110	429	199	296	143	0	15	26	14	18	29	0	26	54	82	179	98	89	0	26	186	506	166	67	160	53	257	0	93	166	443	30	74	78	145	643	476	11	3	7	1	8	10	3	5	7	5	16	3	4	1	1	1	9	5	8	9	9	9	2
Colpodellida	Alveolata	65	132	0	60	140	34	59	26	440	106	57	37	79	14	0	13	194	23	0	0	0	17	42	16	0	0	0	0	19	14	0	0	0	0	327	354	130	299	1910	1126	108	88	361	210	745	641	14	5	4	5	6	1	4	5	1	5	3	0	3	1	3	1	0	0	0	0	0	0	0
Cryptomonadales	Cryptista	0	0	0	0	0	0	0	5	0	0	43	18	0	7	0	0	0	0	0	0	0	12	101	61	0	0	0	0	6	13	17	12	62	51	18	0	0	0	12	0	0	4	19	0	493	340	1	0	1	0	0	6	0	0	0	0	0	0	1	3	0	0	0	3	0	0	0	0	2
Diatomea	Stramenopiles	0	0	0	0	0	0	0	0	48	39	0	6	0	0	22	0	0	0	0	0	215	201	57	35	0	0	0	0	0	0	43	29	15	0	53	0	0	0	18	0	0	4	0	18	83	88	0	0	0	0	0	1	1	0	0	0	0	0	0	13	0	0	0	1	2	0	1	2	1
Dictyochophyceae	Stramenopiles	0	0	0	0	0	0	0	0	944	158	214	58	20	2	0	0	0	0	0	0	15	22	72	27	0	0	0	0	0	0	96	33	161	165	11	0	0	0	0	0	0	0	27	6	358	119	243	158	84	3	19	10	101	24	14	4	11	13	4	4	3	1	0	4	5	4	1	3	11
Dinoflagellata	Alveolata	48	819	459	313	79	767	678	137	8696	1734	6065	1084	2302	501	41	226	92	222	358	116	5310	1901	7915	2554	809	272	845	179	205	162	3558	1027	3334	1670	7623	3099	1797	440	626	965	106	751	2764	963	1859	1180	14	7	6	4	36	49	9	17	19	22	78	60	20	120	3	9	25	123	20	25	25	122	46
Diplonemea	Excavata	0	123	0	352	0	52	0	29	0	39	0	56	0	124	0	79	0	96	0	117	0	24	0	39	0	138	0	43	0	116	0	12	0	15	0	24	0	38	0	119	0	33	0	52	0	18	19	32	27	7	28	5	17	47	25	21	7	4	14	4	15	37	71	4	152	83	39	4	1
Discosea	Amoebozoa	0	607	0	384	0	136	0	51	0	53	0	20	0	72	0	1281	0	432	0	121	0	0	0	23	0	282	0	0	0	47	0	16	0	38	0	49	0	105	0	85	0	11	0	39	0	4	742	598	215	147	161	10	84	19	31	16	0	2	8	0	17	38	2	0	4	0	0	0	0
Ellobiopsidae	Alveolata	0	0	0	86	17	0	0	8	0	0	0	3	0	15	0	15	64	25	0	46	0	0	0	0	21	26	0	9	0	0	0	0	0	0	0	38	0	16	0	25	0	0	0	0	14	75	1	1	1	0	1	0	3	0	0	1	0	0	1	0	0	1	1	0	0	0	1	0	0
Euglenida	Excavata	0	0	0	0	0	0	0	0	0	0	0	0	0	0	0	0	0	0	0	0	0	0	0	0	0	0	0	0	0	0	0	0	0	0	0	0	0	0	0	0	0	0	0	0	0	0	0	0	0	0	0	0	0	0	0	0	0	0	0	0	0	1	0	0	0	0	0	0	0
Eustigmatales	Stramenopiles	0	0	0	0	0	0	0	0	0	0	0	0	0	0	0	0	0	0	0	0	0	0	0	0	0	0	0	0	0	0	0	0	0	0	0	0	0	0	0	0	0	0	0	0	0	0	0	1	0	0	0	0	0	0	0	0	0	0	0	0	0	0	0	0	0	0	0	0	0
Foraminifera	Rhizaria	0	0	0	23	0	0	0	8	0	0	0	0	0	0	0	0	0	0	0	33	0	0	0	0	0	0	0	0	0	18	0	0	0	0	0	0	0	0	0	74	0	3	0	2	0	0	0	0	8	0	0	0	1	0	1	0	0	0	1	0	0	4	4	0	0	8	0	0	0
Gracilipodida	Amoebozoa	0	0	0	0	0	0	0	0	0	0	0	0	0	0	0	0	0	0	0	0	0	0	0	0	0	0	0	0	0	0	0	0	0	0	0	0	0	0	0	0	0	0	0	0	0	0	0	0	0	0	0	0	0	0	0	0	0	0	0	0	0	0	0	0	0	0	0	0	0
Ichthyosporea	Obazoa	0	0	0	0	0	0	0	0	0	0	0	0	0	0	0	0	0	0	0	0	0	0	0	0	0	0	0	0	0	0	0	0	7	0	0	0	0	0	0	0	0	0	0	0	0	0	0	0	0	0	0	0	0	0	0	0	0	0	0	0	0	0	0	0	0	0	0	0	1
InSedAlveolata	Alveolata	181	36	47	1451	62	30	86	268	139	763	53	1285	194	638	7	72	69	65	13	303	35	893	47	588	1147	170	223	29	10	232	87	572	156	350	172	196	0	28	90	477	36	161	9	1102	85	2005	1	0	1	0	0	0	2	1	2	1	3	0	0	0	0	1	2	3	5	2	0	2	1
InSedAmoebozoa	Amoebozoa	0	0	0	129	0	30	0	0	0	0	0	0	0	0	0	0	0	0	0	0	0	0	0	0	0	0	0	0	0	0	0	0	0	0	0	520	0	140	0	83	0	0	0	84	0	69	0	0	0	0	0	0	0	0	0	0	0	0	0	0	0	0	0	0	0	0	0	0	0
InSedArchaeplastida	Archaeplastida	0	0	0	8	0	0	0	0	38	11	0	31	0	0	0	0	0	0	0	0	0	0	19	11	0	2	0	0	0	0	4	15	0	3	0	0	0	0	0	0	0	2	0	0	13	37	0	0	0	0	0	0	0	0	0	0	0	1	0	1	0	0	0	0	0	0	0	2	1
InSedEukaryota	Eukaryota	0	1092	18	555	78	260	75	284	111	779	368	661	522	284	0	96	16	82	175	301	0	485	140	737	464	400	667	307	35	99	74	337	82	690	332	829	0	184	319	734	21	381	91	482	81	928	3	6	6	3	4	6	42	38	16	18	10	4	14	6	2	2	5	5	9	2	1	7	8
InSedExcavata	Excavata	0	0	0	4	0	0	0	0	0	0	0	0	0	8	0	0	0	0	0	0	0	0	0	0	0	0	0	0	0	0	0	2	0	0	0	0	0	0	0	4	0	7	0	0	0	3	0	0	0	0	0	0	0	0	0	0	0	0	0	0	0	0	0	0	0	0	0	0	0
InSedHacrobia	Hacrobia	0	6	0	4	0	0	0	5	0	245	0	34	0	10	0	0	0	0	0	2	0	11	0	14	0	0	0	0	0	0	0	2	0	9	0	0	0	0	0	0	0	11	0	17	0	156	0	0	0	0	0	0	0	0	0	0	0	0	0	0	0	0	0	0	0	0	0	0	0
InSedObazoa	Obazoa	0	39	18	74	0	58	27	3	45	0	0	7	21	8	0	3	0	15	41	11	0	9	0	10	0	19	0	0	0	32	0	1700	0	6	265	0	0	11	525	7	27	3	40	21	43	0	4	5	1	1	3	0	0	0	1	4	0	1	1	0	1	2	0	1	0	0	0	0	1
InSedOpisthokonta	Opisthokonta	0	0	0	0	0	0	0	0	0	0	0	0	0	0	0	0	0	0	0	0	0	0	15	0	0	0	0	0	0	0	0	0	0	0	0	0	0	0	0	0	0	0	0	0	0	0	0	0	0	0	0	0	0	0	0	0	0	0	0	0	0	0	0	0	0	0	0	0	0
InSedRhizaria	Rhizaria	0	53	0	111	0	124	0	4	0	3	0	43	0	47	0	44	0	17	0	26	0	0	0	52	0	30	0	0	0	41	0	5	0	6	0	19	0	43	0	55	0	130	0	79	0	37	0	0	0	0	0	0	0	0	0	0	0	0	0	1	0	0	0	0	0	0	0	0	0
InSedStramenopiles	Stramenopiles	133	0	0	28	0	0	28	0	0	110	217	137	124	14	13	5	33	19	68	14	18	50	0	102	87	10	172	16	13	45	25	29	0	213	14	0	0	0	30	27	13	21	20	14	257	615	0	2	2	0	5	5	3	1	3	2	5	1	5	2	4	0	3	1	2	0	4	1	0
Katablepharidae	Cryptista	0	0	0	0	0	0	0	0	132	36	0	18	0	0	0	0	0	0	0	0	0	7	21	20	0	0	0	0	0	0	29	23	18	44	0	5	0	0	0	0	0	4	0	0	0	18	0	0	0	0	1	3	0	0	0	1	2	4	0	0	0	0	0	1	0	0	0	11	0
Kinetoplastida	Excavata	0	728	0	1955	0	125	0	21	0	136	0	0	0	147	0	16	0	94	0	21	0	26	0	9	0	22	0	0	0	0	0	4	0	29	0	287	0	97	0	223	0	31	0	20	0	0	698	450	140	22	57	16	114	26	6	10	1	3	8	7	14	2	1	0	1	15	3	0	0
Labyrinthulomycetes	Stramenopiles	0	9	98	12	65	0	206	73	507	0	197	26	481	143	0	0	26	0	124	44	0	0	104	11	178	6	295	0	28	85	98	3	75	0	9	62	223	0	112	57	78	49	111	223	217	54	1	0	3	5	4	8	1	0	3	4	6	2	7	2	1	1	5	3	5	7	7	5	5
MALV-I	Alveolata	2024	1457	5806	2441	2012	923	6520	717	22610	2467	23861	2115	17713	1358	1178	189	3942	546	9089	1054	8049	2041	9992	1884	30517	2066	35074	1475	3802	1016	14835	2034	26275	3420	2405	1179	1484	390	9852	1545	6083	971	8311	1769	21291	3930	23	67	73	58	120	74	21	62	92	80	152	73	83	103	12	42	94	125	157	103	62	124	89
MALV-II	Alveolata	2662	2999	18769	12174	6268	3649	12770	2959	24273	3536	34501	4289	25109	3885	3096	1435	16731	3878	34259	7253	11328	3685	11869	2719	44646	3904	66122	4788	16404	5917	17902	3306	10645	3723	3726	2212	15622	5100	55941	17351	39577	11047	24918	12124	35821	10695	74	571	401	95	472	189	100	318	390	281	356	149	201	286	54	118	388	294	325	311	190	210	128
MALV-III	Alveolata	61	0	347	36	31	13	106	0	4138	282	4066	133	307	0	68	7	287	52	314	31	2053	93	1749	78	305	10	1981	0	178	81	3845	111	878	125	76	73	0	7	442	95	106	8	233	8	3821	250	2	2	3	3	10	13	1	3	7	3	39	5	3	23	0	0	6	19	3	9	4	34	12
MALV-IV	Alveolata	0	0	400	280	171	160	325	181	0	0	0	0	1607	454	0	0	79	45	194	91	0	0	0	0	815	47	1067	52	51	174	15	20	0	0	39	0	224	285	387	94	346	178	55	73	54	37	1	8	8	3	10	1	0	6	8	12	0	0	8	0	1	0	3	0	4	4	2	0	1
MALV-V	Alveolata	106	0	91	9	0	22	20	0	1248	15	1369	22	195	18	0	0	0	0	0	0	166	28	1150	137	88	9	431	53	67	17	1237	72	371	67	122	5	0	0	37	3	34	0	59	0	2456	75	1	0	1	0	2	10	0	1	1	0	11	7	2	1	0	0	1	9	0	0	0	5	0
Mamiellophyceae	Archaeplastida	0	0	0	0	0	0	0	0	14	0	1857	308	0	3	0	0	0	0	0	0	0	0	48	0	0	0	0	0	0	0	9477	1260	32	16	0	0	0	0	0	0	0	0	17	9	5439	2137	0	0	0	0	0	42	0	0	0	0	16	0	0	0	0	0	0	0	2	0	0	67	0
MarineOpisthokonts	Obazoa	0	0	0	0	0	0	0	0	20	0	0	0	0	0	0	0	0	0	0	0	0	0	0	0	0	0	0	0	0	0	0	0	0	0	0	0	0	0	0	0	0	0	0	0	6	0	0	0	0	0	0	3	0	0	0	0	0	0	0	0	0	0	0	0	0	0	0	0	0
MAST-1	Stramenopiles	0	33	28	75	96	11	0	12	1371	491	348	126	30	27	0	0	0	16	0	29	248	27	158	79	575	153	0	0	0	57	88	26	267	81	41	48	0	9	114	58	28	18	80	60	733	519	0	1	0	0	4	16	0	2	2	1	2	16	2	9	0	0	2	5	7	0	1	6	10
MAST-10	Stramenopiles	0	0	0	24	0	5	22	0	0	0	0	8	0	7	0	0	0	0	0	0	0	7	0	0	0	0	0	0	6	0	12	9	0	20	0	0	0	0	22	6	0	0	11	11	106	64	0	0	0	0	1	2	0	0	0	0	0	0	0	0	0	0	0	0	0	1	1	1	0
MAST-11	Stramenopiles	0	0	0	0	0	0	0	0	0	0	21	0	0	0	0	0	0	0	0	0	32	5	18	9	0	0	0	0	0	0	45	17	120	66	0	0	0	0	0	0	0	0	0	0	101	55	0	0	0	0	0	4	0	0	0	0	2	0	0	2	0	0	0	0	0	0	0	3	5
MAST-12	Stramenopiles	0	0	0	0	0	0	17	0	0	0	0	0	0	0	0	0	0	0	0	0	0	0	7	0	0	0	37	0	0	0	7	4	20	0	0	0	92	0	38	0	0	0	0	0	0	0	0	0	0	0	0	0	0	0	0	0	0	0	0	0	0	1	2	0	0	0	0	0	0
MAST-13	Stramenopiles	0	0	0	9	0	0	0	5	0	0	0	0	0	7	0	0	0	0	0	0	0	0	0	0	0	0	0	0	0	0	0	0	0	0	0	0	0	0	0	6	0	0	0	21	0	0	0	0	0	0	0	0	0	0	0	0	0	0	0	0	0	0	0	0	0	0	0	0	0
MAST-2	Stramenopiles	0	0	0	0	0	0	0	0	19	0	14	0	0	0	0	0	0	0	0	0	0	0	0	0	0	0	0	0	0	0	0	0	0	7	0	0	0	0	0	0	0	0	0	0	0	0	0	0	0	0	0	0	0	0	1	0	0	0	0	0	0	0	0	0	0	0	0	0	0
MAST-22	Stramenopiles	0	0	0	0	0	0	0	0	0	162	0	0	0	0	0	0	0	0	0	0	0	0	0	0	0	0	0	0	0	0	0	0	0	0	0	0	0	0	0	0	0	0	0	0	0	0	0	0	0	0	0	0	0	0	0	0	0	0	0	0	0	0	0	0	0	0	0	0	0
MAST-23	Stramenopiles	0	0	0	0	0	6	0	0	0	0	0	0	0	0	0	0	0	0	0	0	0	0	0	0	0	0	0	0	0	0	0	0	0	0	0	0	0	0	0	0	0	0	0	0	0	0	0	0	0	0	0	0	0	0	0	0	0	0	0	0	0	0	0	0	0	0	0	0	0
MAST-25	Stramenopiles	0	0	21	0	0	0	0	0	0	0	84	0	49	0	0	0	0	0	0	0	84	0	84	0	0	0	0	0	0	0	21	0	150	0	0	0	0	0	0	0	0	0	0	0	352	0	0	0	0	1	0	7	0	0	0	0	2	0	1	1	0	0	0	3	0	0	0	1	9
MAST-3	Stramenopiles	0	0	18	8	0	0	79	8	2130	1179	496	229	110	18	0	0	7	3	0	4	8	134	172	163	10	0	0	0	0	11	24	25	96	242	0	13	0	4	37	3	0	14	37	28	208	335	2	0	1	0	4	8	1	1	2	3	14	22	7	6	0	1	1	10	0	2	2	10	14
MAST-4	Stramenopiles	0	0	29	6	107	0	0	0	663	334	359	205	27	31	0	0	0	11	65	28	24	159	168	158	11	2	0	0	8	56	158	136	336	273	3	0	0	0	40	20	26	14	30	0	744	958	1	0	0	0	1	20	0	1	4	1	17	15	3	7	0	0	0	3	2	2	1	16	19
MAST-6	Stramenopiles	0	0	0	0	0	0	0	0	0	0	0	0	0	0	0	0	0	0	0	0	0	0	0	0	0	0	0	0	0	0	0	0	0	0	0	0	0	0	0	0	0	0	0	0	0	0	0	0	0	0	0	0	0	0	0	0	0	0	0	0	0	0	0	0	0	0	0	0	0
MAST-7	Stramenopiles	0	0	0	0	0	0	0	0	274	67	265	65	53	6	0	0	0	0	0	16	39	97	40	55	0	0	0	0	9	0	158	80	268	264	0	0	0	0	10	10	0	0	28	0	471	272	0	0	0	0	0	4	0	0	0	0	3	2	0	2	0	1	0	1	0	1	0	8	10
MAST-8	Stramenopiles	0	0	33	0	0	0	0	0	189	0	45	0	115	0	0	0	12	0	53	0	17	0	47	0	0	0	116	0	13	0	49	19	31	0	0	0	0	0	57	6	21	0	64	19	105	0	0	0	1	0	1	0	0	0	1	1	2	0	1	1	0	0	1	1	0	0	1	2	0
MAST-9	Stramenopiles	33	0	0	0	0	0	11	0	171	0	12	3	70	5	0	0	0	0	0	0	93	11	76	0	0	0	0	0	14	0	15	0	80	0	6	0	0	0	26	0	0	0	27	11	179	0	0	0	1	0	0	2	0	0	0	0	1	0	0	1	0	0	0	2	0	0	0	1	0
MOCH-1	Stramenopiles	0	0	0	0	0	0	0	0	295	0	150	0	21	0	0	0	0	0	0	0	0	0	0	0	0	0	0	0	0	0	27	0	79	0	0	0	0	0	0	0	0	0	0	0	45	0	1	1	2	0	0	1	0	0	0	0	1	1	0	0	0	0	0	0	0	0	0	0	1
MOCH-2	Stramenopiles	0	0	0	0	0	0	0	4	582	213	54	60	51	0	0	0	0	0	0	0	30	16	32	28	0	0	0	0	0	0	26	8	88	151	0	0	0	0	0	0	0	0	0	0	49	106	0	0	0	0	0	2	0	0	0	0	7	3	0	2	0	0	0	0	0	0	0	0	4
MOCH-4	Stramenopiles	0	0	0	6	0	0	0	16	0	0	128	41	65	16	0	0	0	0	54	14	0	9	50	34	0	0	0	0	13	21	64	40	51	48	0	0	0	0	0	8	0	19	40	46	244	180	0	0	0	0	1	5	0	0	0	2	3	0	1	0	0	0	0	0	0	0	0	2	0
MOCH-5	Stramenopiles	0	0	0	0	0	0	0	0	267	121	0	0	0	0	0	0	0	0	0	0	0	0	0	0	0	0	0	0	0	0	0	0	127	119	22	8	0	0	0	0	0	0	0	0	0	0	0	0	0	0	0	0	0	0	0	0	0	4	0	0	0	0	0	0	0	0	0	0	0
"NA"	Alveolata	0	0	0	0	0	0	0	0	0	0	0	0	0	0	0	0	0	0	0	0	0	0	0	0	0	0	0	0	0	0	0	0	0	0	0	0	0	0	0	0	0	0	0	0	0	0	2	2	2	3	7	4	2	5	13	3	6	6	1	10	0	0	6	11	8	7	1	14	3
"NA"	Archaeplastida	0	0	0	0	0	0	0	0	0	0	0	0	0	0	0	0	0	0	0	0	0	0	0	0	0	0	0	0	0	0	0	0	0	0	0	0	0	0	0	0	0	0	0	0	0	0	0	0	0	0	0	3	0	0	0	0	2	0	0	1	0	0	0	0	1	0	0	5	1
"NA"	Eukaryota	0	0	0	0	0	0	0	0	0	0	0	0	0	0	0	0	0	0	0	0	0	0	0	0	0	0	0	0	0	0	0	0	0	0	0	0	0	0	0	0	0	0	0	0	0	0	0	0	0	0	0	0	0	0	0	0	0	0	1	0	0	0	0	0	0	0	0	2	0
"NA"	"NA"	0	0	0	0	0	0	0	0	0	0	0	0	0	0	0	0	0	0	0	0	0	0	0	0	0	0	0	0	0	0	0	0	0	0	0	0	0	0	0	0	0	0	0	0	0	0	4	3	8	2	6	7	3	3	6	1	4	2	4	4	3	1	1	3	6	3	0	7	3
"NA"	Obazoa	0	0	0	0	0	0	0	0	0	0	0	0	0	0	0	0	0	0	0	0	0	0	0	0	0	0	0	0	0	0	0	0	0	0	0	0	0	0	0	0	0	0	0	0	0	0	2	4	1	2	0	0	0	1	0	0	0	1	1	0	3	4	0	0	0	0	0	0	0
"NA"	Rhizaria	0	0	0	0	0	0	0	0	0	0	0	0	0	0	0	0	0	0	0	0	0	0	0	0	0	0	0	0	0	0	0	0	0	0	0	0	0	0	0	0	0	0	0	0	0	0	0	0	0	1	0	0	0	1	0	0	0	0	1	0	0	0	0	1	0	1	0	0	0
"NA"	Stramenopiles	0	0	0	0	0	0	0	0	0	0	0	0	0	0	0	0	0	0	0	0	0	0	0	0	0	0	0	0	0	0	0	0	0	0	0	0	0	0	0	0	0	0	0	0	0	0	417	295	169	4	30	8	145	42	16	2	5	2	6	2	4	4	5	3	9	3	1	6	3
Nephroselmidophyceae	Archaeplastida	0	0	0	0	0	0	0	0	0	0	0	0	0	0	0	0	0	0	0	0	0	0	0	0	0	0	0	0	0	0	0	0	0	0	0	0	0	0	0	0	0	0	0	0	0	0	0	0	0	0	0	0	0	0	0	0	0	0	0	0	0	0	0	0	0	0	0	0	0
Palmophyllophyceae	Archaeplastida	0	5	0	0	0	0	0	0	0	0	0	0	0	0	0	0	0	0	0	0	0	0	6	0	0	0	0	0	0	0	0	0	16	0	0	0	0	0	0	0	0	0	0	3	0	0	0	0	0	0	0	0	0	0	0	0	0	0	0	0	0	0	0	0	0	0	0	0	1
Pelagophyceae	Stramenopiles	0	0	0	0	0	0	0	0	42	10	3231	1363	0	0	0	0	0	0	0	0	898	880	1865	1487	0	3	0	0	0	11	1501	958	289	349	0	0	0	0	0	0	0	3	14	20	3279	2816	1	0	0	0	0	82	0	0	0	0	61	2	1	33	0	0	0	56	1	0	0	100	18
Perkinsidae	Alveolata	0	0	0	0	0	0	0	0	0	0	0	0	0	0	0	0	0	0	0	0	0	0	0	0	0	0	0	0	0	0	0	0	0	0	0	0	0	0	0	0	0	0	0	0	0	0	0	0	0	0	0	0	0	0	0	0	0	0	0	0	0	0	1	0	0	0	0	0	0
Peronosporomycetes	Stramenopiles	0	0	0	0	0	0	0	0	0	0	0	0	0	0	0	0	0	0	0	0	0	0	0	0	0	0	0	0	0	0	0	0	0	7	0	0	0	0	0	0	0	0	0	0	0	0	0	0	0	0	0	0	0	0	0	0	0	0	0	0	0	0	0	0	0	0	0	0	0
Phaeophyceae	Stramenopiles	0	0	0	0	0	0	0	0	0	0	0	0	0	0	0	0	0	0	0	0	0	0	0	0	0	0	0	0	0	0	0	0	0	0	0	0	0	0	0	0	0	0	0	0	0	0	0	0	0	0	0	0	0	0	0	0	0	0	0	0	0	0	0	0	0	0	0	0	0
Picozoa	Eukaryota	145	62	119	179	0	0	85	61	1526	358	887	255	590	158	0	0	0	0	88	44	16	57	290	177	388	49	594	31	49	13	214	87	538	316	15	21	0	0	294	125	79	63	172	157	537	369	0	0	3	0	7	8	3	2	4	5	7	3	10	5	0	1	2	11	6	2	0	4	6
Pirsonia	Stramenopiles	0	0	0	0	0	0	0	0	0	0	0	0	0	0	0	0	0	0	0	0	0	0	0	0	0	0	0	0	0	0	3	0	0	0	0	0	0	0	0	0	0	0	0	0	0	0	0	0	0	0	0	0	0	0	0	0	0	0	0	0	0	0	0	0	0	0	0	0	0
Polycystinea	Rhizaria	5488	10603	4084	3857	10282	6198	13437	3731	97	8	1554	252	25313	4982	64962	26775	36012	13637	55224	19424	59	202	28508	9198	4691	648	19080	3554	4977	3275	41885	8860	152	72	3148	2521	25858	9793	8174	3801	14435	5923	9758	7210	1202	3738	79	788	87	137	257	77	223	375	123	187	15	1	218	13	1210	613	1219	454	60	245	163	569	0
Prasino-Clade-IX	Archaeplastida	0	0	0	0	0	0	0	0	74	0	0	0	0	0	0	0	0	0	0	0	418	0	215	0	25	0	176	0	0	0	8	0	2072	0	51	0	0	0	0	0	0	0	0	0	6	0	0	0	0	0	0	0	0	0	0	0	0	0	0	1	0	0	0	4	0	0	0	0	0
Prymnesiophyceae	Haptista	0	0	0	31	0	4	0	20	0	2783	0	1081	0	22	0	0	0	9	0	13	0	471	0	600	0	0	0	0	0	17	0	430	0	782	0	74	0	5	0	18	0	29	0	109	0	1000	2	2	2	2	6	46	0	0	2	2	69	66	2	48	0	0	3	47	1	1	4	85	35
Pycnococcaceae	Archaeplastida	0	0	0	0	0	0	0	0	0	0	0	0	0	0	0	0	0	0	0	0	0	0	0	0	0	0	0	0	0	0	0	0	37	0	0	0	0	0	0	0	0	0	0	0	0	0	0	0	0	0	0	0	0	0	0	0	0	0	0	0	0	0	0	0	0	0	0	0	0
Pyramimonadales	Archaeplastida	0	0	0	0	0	0	0	0	112	0	0	0	0	0	0	0	0	0	0	0	0	0	15	0	0	0	0	0	0	0	0	0	0	0	17	0	0	0	0	0	0	0	0	0	0	0	0	0	0	0	0	0	0	0	0	0	0	0	0	0	0	0	0	0	0	0	0	0	1
RAD-A	Rhizaria	0	0	6	10	0	0	11	14	0	2	921	377	43	15	0	0	0	0	0	4	32	5	546	168	75	0	0	0	24	0	235	88	71	31	11	0	0	0	0	16	0	0	0	13	253	302	1	0	0	2	2	6	0	0	0	0	32	0	1	5	0	0	0	20	0	0	1	6	2
RAD-B	Rhizaria	749	1726	1922	4119	901	1137	2485	1592	24	8	1976	1882	4485	1889	262	683	1041	687	749	963	175	310	1103	1204	8799	1775	6113	1122	615	1746	292	202	54	125	877	1293	372	648	2575	2695	1003	1309	933	2105	1079	1769	85	156	114	24	70	26	44	77	131	89	81	0	100	14	41	33	54	49	90	64	58	29	5
RAD-C	Rhizaria	0	0	22	4	0	0	18	22	0	0	135	81	261	47	0	0	0	0	12	0	0	0	65	68	162	6	204	0	0	0	14	15	0	0	7	0	0	12	38	42	0	0	0	29	53	44	1	0	0	1	3	1	1	1	1	1	3	0	3	0	0	2	1	4	1	2	2	1	0
Telonemia	Eukaryota	0	20	0	16	0	0	38	15	282	121	224	82	74	28	0	0	0	4	44	8	0	46	176	98	35	4	0	0	0	0	150	109	110	155	47	22	0	18	0	17	0	0	40	29	117	130	0	1	2	0	3	12	0	1	0	1	6	5	3	3	0	1	1	3	0	0	0	9	1
Trebouxiophyceae	Archaeplastida	0	0	0	0	0	0	0	0	0	0	0	0	0	0	0	0	0	0	0	0	0	0	0	0	0	0	0	0	0	0	0	0	0	0	0	0	0	0	0	0	0	0	0	0	0	0	0	0	0	0	0	0	0	0	0	0	0	0	0	0	0	0	0	0	0	0	0	0	0
Tubulinea	Amoebozoa	0	0	0	0	0	0	0	0	0	0	0	0	0	0	0	0	0	0	0	0	0	0	0	0	0	0	0	0	0	0	0	0	0	0	0	0	0	0	0	0	0	0	0	0	0	0	0	0	0	0	0	0	0	0	0	0	0	0	0	0	0	0	0	0	0	0	0	0	0
X-Cell	Alveolata	0	0	0	0	0	0	0	0	0	0	0	0	0	0	0	0	0	0	0	0	0	0	0	0	0	0	0	0	9	0	0	0	0	0	0	0	0	0	0	0	0	0	0	0	0	0	0	1	1	0	0	0	0	0	2	1	0	0	0	0	0	0	0	0	0	0	2	0	0
